1,2c1,2
< 1 2 3 
< 4 5 6 
---
> 2 3 4 
> 1 6 5 
5,7c5,7
< 1 2 3 
< 4 5 0 
< 7 8 6 
---
> 2 3 4 
> 1 6 0 
> 7 8 5 
9,11c9,11
< 1 2 3 
< 4 0 5 
< 7 8 6 
---
> 2 3 0 
> 1 6 4 
> 7 8 5 
13,15c13,15
< 1 2 3 
< 0 4 5 
< 7 8 6 
---
> 2 0 3 
> 1 6 4 
> 7 8 5 
17,19c17,19
< 1 2 3 
< 7 4 5 
< 0 8 6 
---
> 0 2 3 
> 1 6 4 
> 7 8 5 
22,23c22,23
< 7 4 5 
< 8 0 6 
---
> 0 6 4 
> 7 8 5 
26,27c26,27
< 7 4 5 
< 8 6 0 
---
> 7 6 4 
> 0 8 5 
30,31c30,31
< 7 4 0 
< 8 6 5 
---
> 7 6 4 
> 8 0 5 
38,39c38,39
< 7 6 4 
< 8 0 5 
---
> 7 4 0 
> 8 6 5 
42,43c42,43
< 7 6 4 
< 0 8 5 
---
> 7 4 5 
> 8 6 0 
46,47c46,47
< 0 6 4 
< 7 8 5 
---
> 7 4 5 
> 8 0 6 
49,51c49,51
< 0 2 3 
< 1 6 4 
< 7 8 5 
---
> 1 2 3 
> 7 4 5 
> 0 8 6 
53,55c53,55
< 2 0 3 
< 1 6 4 
< 7 8 5 
---
> 1 2 3 
> 0 4 5 
> 7 8 6 
57,59c57,59
< 2 3 0 
< 1 6 4 
< 7 8 5 
---
> 1 2 3 
> 4 0 5 
> 7 8 6 
61,63c61,63
< 2 3 4 
< 1 6 0 
< 7 8 5 
---
> 1 2 3 
> 4 5 0 
> 7 8 6 
65,66c65,66
< 2 3 4 
< 1 6 5 
---
> 1 2 3 
> 4 5 6 
96,125c96,97
< 2 1 7 
< 3 0 4 
< 
< 8 5 6 
< 2 1 7 
< 3 4 0 
< 
< 8 5 6 
< 2 1 0 
< 3 4 7 
< 
< 8 5 0 
< 2 1 6 
< 3 4 7 
< 
< 8 0 5 
< 2 1 6 
< 3 4 7 
< 
< 8 1 5 
< 2 0 6 
< 3 4 7 
< 
< 8 1 5 
< 0 2 6 
< 3 4 7 
< 
< 8 1 5 
< 3 2 6 
< 0 4 7 
---
> 0 2 7 
> 3 1 4 
127,129c99,101
< 8 1 5 
< 3 2 6 
< 4 0 7 
---
> 0 5 6 
> 8 2 7 
> 3 1 4 
131,133c103,105
< 8 1 5 
< 3 2 6 
< 4 7 0 
---
> 5 0 6 
> 8 2 7 
> 3 1 4 
135,137c107,109
< 8 1 5 
< 3 2 0 
< 4 7 6 
---
> 5 2 6 
> 8 0 7 
> 3 1 4 
139,141c111,113
< 8 1 5 
< 3 0 2 
< 4 7 6 
---
> 5 2 6 
> 8 1 7 
> 3 0 4 
143,145c115,141
< 8 1 5 
< 0 3 2 
< 4 7 6 
---
> 5 2 6 
> 8 1 7 
> 0 3 4 
> 
> 5 2 6 
> 0 1 7 
> 8 3 4 
> 
> 5 2 6 
> 1 0 7 
> 8 3 4 
> 
> 5 2 6 
> 1 7 0 
> 8 3 4 
> 
> 5 2 0 
> 1 7 6 
> 8 3 4 
> 
> 5 0 2 
> 1 7 6 
> 8 3 4 
> 
> 0 5 2 
> 1 7 6 
> 8 3 4 
147,149c143,145
< 0 1 5 
< 8 3 2 
< 4 7 6 
---
> 1 5 2 
> 0 7 6 
> 8 3 4 
151,153c147,149
< 1 0 5 
< 8 3 2 
< 4 7 6 
---
> 1 5 2 
> 7 0 6 
> 8 3 4 
155,157c151,153
< 1 3 5 
< 8 0 2 
< 4 7 6 
---
> 1 5 2 
> 7 3 6 
> 8 0 4 
159,161c155,157
< 1 3 5 
< 0 8 2 
< 4 7 6 
---
> 1 5 2 
> 7 3 6 
> 8 4 0 
163,165c159,165
< 1 3 5 
< 4 8 2 
< 0 7 6 
---
> 1 5 2 
> 7 3 0 
> 8 4 6 
> 
> 1 5 2 
> 7 0 3 
> 8 4 6 
167,169c167,169
< 1 3 5 
< 4 8 2 
< 7 0 6 
---
> 1 5 2 
> 7 4 3 
> 8 0 6 
171,173c171,173
< 1 3 5 
< 4 0 2 
< 7 8 6 
---
> 1 5 2 
> 7 4 3 
> 0 8 6 
175,176c175,176
< 1 3 5 
< 4 2 0 
---
> 1 5 2 
> 0 4 3 
179,180c179,180
< 1 3 0 
< 4 2 5 
---
> 1 5 2 
> 4 0 3 
183,184c183,184
< 1 0 3 
< 4 2 5 
---
> 1 0 2 
> 4 5 3 
187,188c187,188
< 1 2 3 
< 4 0 5 
---
> 1 2 0 
> 4 5 3 
205,218c205,206
< 8 0 5 
< 3 2 1 
< 
< 6 0 7 
< 8 4 5 
< 3 2 1 
< 
< 6 7 0 
< 8 4 5 
< 3 2 1 
< 
< 6 7 5 
< 8 4 0 
< 3 2 1 
---
> 8 5 1 
> 3 2 0 
220,222c208,210
< 6 7 5 
< 8 0 4 
< 3 2 1 
---
> 6 4 7 
> 8 5 1 
> 3 0 2 
224,226c212,214
< 6 0 5 
< 8 7 4 
< 3 2 1 
---
> 6 4 7 
> 8 5 1 
> 0 3 2 
228,230c216,218
< 0 6 5 
< 8 7 4 
< 3 2 1 
---
> 6 4 7 
> 0 5 1 
> 8 3 2 
232,234c220,222
< 8 6 5 
< 0 7 4 
< 3 2 1 
---
> 6 4 7 
> 5 0 1 
> 8 3 2 
236,238c224,226
< 8 6 5 
< 3 7 4 
< 0 2 1 
---
> 6 0 7 
> 5 4 1 
> 8 3 2 
240,242c228,230
< 8 6 5 
< 3 7 4 
< 2 0 1 
---
> 0 6 7 
> 5 4 1 
> 8 3 2 
244,246c232,234
< 8 6 5 
< 3 7 4 
< 2 1 0 
---
> 5 6 7 
> 0 4 1 
> 8 3 2 
248,250c236,238
< 8 6 5 
< 3 7 0 
< 2 1 4 
---
> 5 6 7 
> 4 0 1 
> 8 3 2 
252,254c240,242
< 8 6 0 
< 3 7 5 
< 2 1 4 
---
> 5 6 7 
> 4 1 0 
> 8 3 2 
256,258c244,246
< 8 0 6 
< 3 7 5 
< 2 1 4 
---
> 5 6 0 
> 4 1 7 
> 8 3 2 
260,262c248,250
< 0 8 6 
< 3 7 5 
< 2 1 4 
---
> 5 0 6 
> 4 1 7 
> 8 3 2 
264,274c252,254
< 3 8 6 
< 0 7 5 
< 2 1 4 
< 
< 3 8 6 
< 2 7 5 
< 0 1 4 
< 
< 3 8 6 
< 2 7 5 
< 1 0 4 
---
> 5 1 6 
> 4 0 7 
> 8 3 2 
276,278c256,258
< 1 2 3 
< 4 5 6 
< 7 8 0 
---
> 5 1 6 
> 4 3 7 
> 8 0 2 
280,282c260,262
< 1 2 3 
< 4 5 6 
< 7 0 8 
---
> 5 1 6 
> 4 3 7 
> 0 8 2 
284,286c264,266
< 1 2 3 
< 4 0 6 
< 7 5 8 
---
> 5 1 6 
> 0 3 7 
> 4 8 2 
288,290c268,270
< 1 2 3 
< 0 4 6 
< 7 5 8 
---
> 0 1 6 
> 5 3 7 
> 4 8 2 
292,294c272,274
< 0 2 3 
< 1 4 6 
< 7 5 8 
---
> 1 0 6 
> 5 3 7 
> 4 8 2 
296,298c276,278
< 2 0 3 
< 1 4 6 
< 7 5 8 
---
> 1 3 6 
> 5 0 7 
> 4 8 2 
300,302c280,282
< 2 3 0 
< 1 4 6 
< 7 5 8 
---
> 1 3 6 
> 5 7 0 
> 4 8 2 
304,310c284,298
< 2 3 6 
< 1 4 0 
< 7 5 8 
< 
< 2 3 6 
< 1 0 4 
< 7 5 8 
---
> 1 3 6 
> 5 7 2 
> 4 8 0 
> 
> 1 3 6 
> 5 7 2 
> 4 0 8 
> 
> 1 3 6 
> 5 0 2 
> 4 7 8 
> 
> 1 3 6 
> 5 2 0 
> 4 7 8 
312,314c300,302
< 2 3 6 
< 1 5 4 
< 7 0 8 
---
> 1 3 0 
> 5 2 6 
> 4 7 8 
316,318c304,306
< 2 3 6 
< 1 5 4 
< 7 8 0 
---
> 1 0 3 
> 5 2 6 
> 4 7 8 
320,326c308,310
< 2 3 6 
< 1 5 0 
< 7 8 4 
< 
< 2 3 6 
< 1 0 5 
< 7 8 4 
---
> 1 2 3 
> 5 0 6 
> 4 7 8 
328,330c312,314
< 2 3 6 
< 1 8 5 
< 7 0 4 
---
> 1 2 3 
> 0 5 6 
> 4 7 8 
332,334c316,318
< 2 3 6 
< 1 8 5 
< 0 7 4 
---
> 1 2 3 
> 4 5 6 
> 0 7 8 
336,338c320,322
< 2 3 6 
< 0 8 5 
< 1 7 4 
---
> 1 2 3 
> 4 5 6 
> 7 0 8 
340,354c324,326
< 0 3 6 
< 2 8 5 
< 1 7 4 
< 
< 3 0 6 
< 2 8 5 
< 1 7 4 
< 
< 3 8 6 
< 2 0 5 
< 1 7 4 
< 
< 3 8 6 
< 2 7 5 
< 1 0 4 
---
> 1 2 3 
> 4 5 6 
> 7 8 0 
